000000011
000000100
000000101
000000101
000001100
000001101
000000110
000001000
000001010
000000111
000011000
000011001
000001000
000001111
000010001
000001001
000001100
000001111
000001001
000101000
000101001
000001010
000011000
000011010
000001011
000111100
000111101
000001100
000010000
000010100
000001100
000100011
000100101
000001101
001010100 
001010101
000001110
000110000
000110010 
000001111 
000010100 
000011001 
000001111 
000100100 
000100111 
000001111 
001110000 
001110001 
000010000 
000011110 
000100010 
000010000 
000111111